*viewfactors            # zone viewfactors and MRT sensors for one_bed_400
*geom  ../zones/one_bed_400.geo
   2  12   1            # number of mrt sensors & zone surfaces, zone index
# Zone viewfactors follow:
 0.00,0.1914,0.084448,0.1958,0.1454,0.2431,0.00,0.00,0.028183,0.00,0.021089,0.090666
 0.1117,0.00,0.1387,0.1715,0.2188,0.2233,0.006637,0.035102,0.015981,0.003077,0.051021,0.024340
 0.078774,0.2166,0.00,0.1518,0.2391,0.2320,0.005769,0.033039,0.00,0.00,0.019635,0.023241
 0.1147,0.1716,0.092384,0.00,0.1742,0.2463,0.006433,0.036103,0.064498,0.00,0.017112,0.076727
 0.080942,0.2031,0.1435,0.1616,0.00,0.2619,0.006759,0.044209,0.028893,0.00,0.069150,0.00
 0.1075,0.1683,0.1122,0.1846,0.2071,0.00,0.006434,0.037413,0.040401,0.090361,0.00,0.045921
 0.00,0.1669,0.1027,0.1731,0.2116,0.2334,0.00,0.00,0.031516,0.00,0.021212,0.059547
 0.00,0.1670,0.1013,0.1720,0.2248,0.2359,0.00,0.00,0.031204,0.00,0.021404,0.046453
 0.082705,0.084020,0.00,0.3185,0.1566,0.2707,0.005939,0.031834,0.00,0.00,0.010436,0.039541
 0.028067,0.1297,0.019626,0.030742,0.00,0.7840,0.001000,0.001945,0.005030,0.00,0.00,0.00
 0.051107,0.2212,0.064714,0.082884,0.4900,0.00,0.004034,0.029239,0.008187,0.00,0.00,0.048738
 0.2176,0.100000,0.056350,0.2849,0.00,0.2321,0.012323,0.039218,0.028510,0.00,0.029082,0.00
 sum over row   1 is :   1.00008607
 sum over row   2 is :   1.00015795
 sum over row   3 is :   0.99995798
 sum over row   4 is :   1.00005698
 sum over row   5 is :   1.00005293
 sum over row   6 is :   1.00023007
 sum over row   7 is :   0.99997497
 sum over row   8 is :   1.00006104
 sum over row   9 is :   1.00027502
 sum over row  10 is :   1.00011003
 sum over row  11 is :   1.00010300
 sum over row  12 is :   1.00008297
# 
*mrt_sensor  # OK, Xorig,  Yorig,  Zorig,   DX,    DY,    DZ, rotation,  name
               1   2.800   2.000   1.050   0.300   0.300   0.500    0.0  head     # sensor  1
*mrt_viewfactors
 0.22935,0.27378,0.00,0.0423720,0.12029,0.0481116,0.0091192,0.10639,0.00,0.00,0.14437,0.0263048
 0.0054148,0.86554,0.0055117,0.00,0.0259035,0.0041436,0.00,0.00,0.00,0.00,0.0930920,0.0004843
 0.00,0.28716,0.32099,0.0447579,0.14549,0.11336,0.00,0.00,0.0262052,0.00,0.0591437,0.0029864
 0.0593131,0.00,0.0742020,0.26516,0.20301,0.0396887,0.0054836,0.0416044,0.0366687,0.00,0.24584,0.0291099
 0.0278679,0.24689,0.0364315,0.0186770,0.62584,0.00,0.0018261,0.0076093,0.0008718,0.00,0.00,0.0340796
 0.0078975,0.0386389,0.0228674,0.0059960,0.00,0.0009449,0.0000969,0.0024216,0.0034656,0.00,0.91776,0.00
*mrt_sensor  # OK, Xorig,  Yorig,  Zorig,   DX,    DY,    DZ, rotation,  name
               1   1.800   0.600   1.250   0.300   0.300   0.500    0.0  head2    # sensor  2
*mrt_viewfactors
 0.18391,0.0206992,0.00,0.0181950,0.0073616,0.0325296,0.0444002,0.64934,0.00,0.00,0.00,0.0436551
 0.14881,0.47929,0.0161631,0.00,0.11838,0.10148,0.0161699,0.0746922,0.00,0.00,0.0212983,0.0238050
 0.00,0.14917,0.16133,0.13742,0.25405,0.15686,0.00,0.00,0.0349822,0.00,0.0955287,0.0107595
 0.12977,0.00,0.0075643,0.41013,0.11462,0.12585,0.0126726,0.12508,0.0156855,0.00,0.0045168,0.0541882
 0.10936,0.0459848,0.0128938,0.0379176,0.58391,0.00,0.0125810,0.0583222,0.0011624,0.00,0.00,0.13796
 0.13385,0.0677989,0.0030948,0.0539080,0.00,0.62423,0.0180504,0.0748758,0.0017388,0.00,0.0225458,0.00
