*viewfactors            # zone viewfactors and MRT sensors for reception
*geom  ../zones/reception.geo
   0  15   1            # number of mrt sensors & zone surfaces, zone index
# Zone viewfactors follow:
 0.00,0.00,0.00,0.017558,0.062274,0.2388,0.1613,0.2534,0.2534,0.00,0.004032,0.00,0.00,0.00,0.009309
 0.00,0.00,0.1535,0.1976,0.032562,0.00,0.00,0.2854,0.2680,0.010368,0.002503,0.00,0.024284,0.020366,0.005581
 0.00,0.1552,0.00,0.1747,0.056941,0.016387,0.00,0.2467,0.2822,0.00,0.002152,0.027313,0.029202,0.00,0.009329
 0.010722,0.099481,0.079804,0.00,0.1035,0.028681,0.029135,0.3019,0.2849,0.005806,0.007340,0.021373,0.00,0.012031,0.015383
 0.076357,0.032715,0.056941,0.2000,0.00,0.00,0.017764,0.2806,0.3152,0.002152,0.00,0.005309,0.003665,0.009329,0.00
 0.2388,0.00,0.012890,0.042143,0.00,0.00,0.1626,0.2684,0.2684,0.000601,0.00,0.00,0.003850,0.002509,0.00
 0.2158,0.00,0.00,0.059109,0.019616,0.2161,0.00,0.2424,0.2424,0.00,0.000812,0.00,0.000758,0.00,0.003148
 0.066397,0.071585,0.058871,0.1432,0.066568,0.080660,0.052652,0.00,0.3891,0.007969,0.008495,0.012905,0.009281,0.015948,0.016531
 0.066397,0.066250,0.072094,0.1386,0.079617,0.080659,0.052652,0.3891,0.00,0.003865,0.004496,0.018240,0.013859,0.006828,0.007480
 0.00,0.1342,0.00,0.1554,0.049054,0.017956,0.00,0.3863,0.1885,0.00,0.009233,0.023864,0.025311,0.00,0.010290
 0.070462,0.036420,0.049054,0.1788,0.00,0.00,0.016322,0.4045,0.2160,0.009233,0.00,0.005200,0.003791,0.010290,0.00
 0.00,0.00,0.1219,0.2108,0.026488,0.00,0.00,0.2364,0.3416,0.007673,0.002348,0.00,0.029327,0.018810,0.004780
 0.00,0.1407,0.1726,0.00,0.023881,0.025495,0.003579,0.2271,0.3307,0.010265,0.001682,0.037597,0.00,0.023491,0.003008
 0.00,0.1327,0.00,0.1573,0.055689,0.017873,0.00,0.3780,0.1925,0.00,0.004520,0.026133,0.024808,0.00,0.010547
 0.069100,0.037320,0.055689,0.1783,0.00,0.00,0.016144,0.3991,0.2187,0.004520,0.00,0.006567,0.004198,0.010547,0.00
 sum over row   1 is :   1.00007308
 sum over row   2 is :   1.00016403
 sum over row   3 is :   1.00012410
 sum over row   4 is :   1.00005603
 sum over row   5 is :   1.00003195
 sum over row   6 is :   1.00019300
 sum over row   7 is :   1.00014293
 sum over row   8 is :   1.00016189
 sum over row   9 is :   1.00013697
 sum over row  10 is :   1.00010800
 sum over row  11 is :   1.00007200
 sum over row  12 is :   1.00012600
 sum over row  13 is :   1.00009799
 sum over row  14 is :   1.00006998
 sum over row  15 is :   1.00018501
