# zone viewfactors and MRT sensor definition of corridor
# defined in ../zones/corridor.vwf
*VIEWFACTORS
*GEOM  ../zones/corridor.geo
   0  14   2   # numb mrt sensors, numb zone surfs, zone index
# Zone viewfactors follow
 0.00,0.35774,0.0223776,0.13108,0.13108,0.0011909,0.0001393,0.0033935,0.0061498,0.0059202,0.0516621,0.26111,0.0273810,0.0008643
 0.0514592,0.00,0.0514956,0.12854,0.12853,0.0701715,0.0280223,0.0281393,0.15841,0.0289041,0.0765961,0.0802265,0.16117,0.0084207
 0.0223776,0.35782,0.00,0.13108,0.13108,0.12304,0.15442,0.0119545,0.0521241,0.0020305,0.0009460,0.0026101,0.0106028,0.00
 0.0573700,0.38276,0.0577621,0.00,0.11946,0.0383371,0.0243569,0.0230559,0.0839731,0.0215736,0.0424955,0.0564857,0.0847814,0.0076930
 0.0573700,0.38276,0.0577621,0.11946,0.00,0.0435156,0.0191783,0.0230561,0.0839733,0.0215737,0.0489705,0.0500107,0.0847816,0.0076930
 0.0021142,0.60158,0.16088,0.10988,0.12555,0.00,0.00,0.00,0.00,0.00,0.00,0.00,0.00,0.00
 0.0017564,0.42345,0.39032,0.0922809,0.0922811,0.00,0.00,0.00,0.00,0.00,0.00,0.00,0.00,0.00
 0.0057454,0.68058,0.0445326,0.13462,0.13462,0.00,0.00,0.00,0.00,0.00,0.00,0.00,0.00,0.00
 0.0043992,0.70827,0.0341906,0.12657,0.12657,0.00,0.00,0.00,0.00,0.00,0.00,0.00,0.00,0.00
 0.0244322,0.69469,0.0073234,0.13683,0.13683,0.00,0.00,0.00,0.00,0.00,0.00,0.00,0.00,0.00
 0.0691460,0.67379,0.0028565,0.11926,0.13495,0.00,0.00,0.00,0.00,0.00,0.00,0.00,0.00,0.00
 0.24197,0.53366,0.0018469,0.11131,0.11131,0.00,0.00,0.00,0.00,0.00,0.00,0.00,0.00,0.00
 0.0184237,0.71880,0.0064846,0.12814,0.12814,0.00,0.00,0.00,0.00,0.00,0.00,0.00,0.00,0.00
 0.0076852,0.70673,0.0121168,0.13673,0.13673,0.00,0.00,0.00,0.00,0.00,0.00,0.00,0.00,0.00
 sum over row  1 is :   1.0000952482
 sum over row  2 is :   1.0000827312
 sum over row  3 is :   1.0000907183
 sum over row  4 is :   1.0001034737
 sum over row  5 is :   1.0001016855
 sum over row  6 is :   1.0000005960
 sum over row  7 is :   1.0000891685
 sum over row  8 is :   1.0000920296
 sum over row  9 is :   0.9999998808
 sum over row 10 is :   1.0000929832
 sum over row 11 is :   1.0000000000
 sum over row 12 is :   1.0000886917
 sum over row 13 is :   1.0000002384
 sum over row 14 is :   1.0000009537
