# zone viewfactors and MRT sensor definition of manager
# defined in ../zones/manager.vwf
*VIEWFACTORS
*GEOM  ../zones/manager.geo
   2  11   1   # numb mrt sensors, numb zone surfs, zone index
# Zone viewfactors follow
 0.00,0.0142336,0.0272111,0.24979,0.22708,0.22708,0.0354133,0.0058892,0.0139652,0.0927559,0.10668
 0.30731,0.00,0.00,0.16538,0.20653,0.20653,0.0282987,0.0050728,0.0131070,0.0678562,0.00
 0.11804,0.00,0.00,0.35201,0.21043,0.21043,0.0272863,0.0042013,0.0104437,0.0672487,0.00
 0.24979,0.0101174,0.0776240,0.00,0.22708,0.22708,0.0355940,0.0059151,0.0138575,0.0927630,0.0602823
 0.22715,0.0127613,0.0466007,0.22586,0.00,0.25320,0.0189016,0.0048165,0.0138103,0.10941,0.0875764
 0.22715,0.0127613,0.0466005,0.22586,0.25320,0.00,0.0617779,0.0103459,0.0094458,0.0653716,0.0875792
 0.20749,0.0123588,0.0350977,0.20762,0.11172,0.36447,0.00,0.00,0.00,0.00,0.0613263
 0.19930,0.0109696,0.0359279,0.19986,0.14301,0.34272,0.00,0.00,0.00,0.00,0.0683021
 0.20461,0.0121789,0.0355530,0.20392,0.30400,0.17538,0.00,0.00,0.00,0.00,0.0644373
 0.22636,0.0137265,0.0377401,0.22603,0.26795,0.16296,0.00,0.00,0.00,0.00,0.0653375
 0.27435,0.00,0.00,0.15846,0.22501,0.22501,0.0285371,0.0049642,0.0138011,0.0699757,0.00
 sum over row  1 is :   1.0000983477
 sum over row  2 is :   1.0000846386
 sum over row  3 is :   1.0000900030
 sum over row  4 is :   1.0001032352
 sum over row  5 is :   1.0000867844
 sum over row  6 is :   1.0000921488
 sum over row  7 is :   1.0000828505
 sum over row  8 is :   1.0000896454
 sum over row  9 is :   1.0000791550
 sum over row 10 is :   1.0001040697
 sum over row 11 is :   1.0001080036
*MRT_SENSOR
# OK, Xorig, Yorig, Zorig,   DX,    DY,    DZ, rotation,  name
   1  1.500  0.600  1.300  0.200  0.200  0.200    0.0  sen_01   # sensor  1
*MRTVIEW
 0.0325909,0.00,0.00,0.0231040,0.0231040,0.0344807,0.0759271,0.0517044,0.0416645,0.71752,0.00
 0.57063,0.0003875,0.00,0.00,0.0769038,0.10216,0.0388073,0.0046208,0.0213937,0.17442,0.0107819
 0.23054,0.0136871,0.0557062,0.18962,0.18962,0.22068,0.00,0.00,0.00,0.00,0.10025
 0.00,0.0003875,0.0080697,0.51512,0.0987270,0.11625,0.0392137,0.0102902,0.0171831,0.19214,0.0027122
 0.11436,0.0007749,0.0030805,0.0987270,0.51815,0.00,0.00,0.00,0.0117452,0.24594,0.0073139
 0.10027,0.0007749,0.0030805,0.0750140,0.00,0.57134,0.12432,0.0572470,0.0204666,0.0402639,0.0073139
   1  1.500  2.250  1.300  0.200  0.200  0.200    0.0  sen_02   # sensor  2
*MRTVIEW
 0.16875,0.00,0.00,0.14467,0.14842,0.17064,0.0850594,0.0232908,0.0339561,0.22531,0.00
 0.70083,0.0015403,0.00,0.00,0.0968245,0.12505,0.0114051,0.0007749,0.00,0.0255507,0.0381181
 0.16688,0.0166349,0.10794,0.14091,0.13716,0.16124,0.00,0.00,0.00,0.00,0.26933
 0.00,0.0003875,0.0571533,0.62748,0.11934,0.14303,0.0095153,0.0007749,0.0122108,0.0255507,0.0046494
 0.14045,0.0100180,0.0188807,0.11865,0.62748,0.00,0.00,0.00,0.0140540,0.0346881,0.0358717
 0.12247,0.0022772,0.0137203,0.0942443,0.00,0.70599,0.0269677,0.0046113,0.00,0.0042620,0.0255507
