# zone viewfactors and MRT sensor definition of reception
# defined in ../zones/reception.vwf
*VIEWFACTORS
*GEOM  ../zones/reception.geo
   2  16   4   # numb mrt sensors, numb zone surfs, zone index
# Zone viewfactors follow
 0.00,0.12528,0.0125336,0.0955025,0.0605579,0.0101789,0.0070501,0.0014929,0.0026337,0.0168867,0.0076401,0.0014956,0.0030613,0.0179250,0.31899,0.31901
 0.15659,0.00,0.00,0.0418315,0.0543640,0.0340142,0.0050468,0.0010775,0.0020325,0.0128099,0.0060721,0.0010256,0.0024044,0.0146111,0.33418,0.33420
 0.0316732,0.00,0.00,0.0187112,0.0335443,0.0724847,0.0480551,0.0076242,0.0224566,0.12078,0.0082302,0.0013851,0.0045178,0.0190092,0.30586,0.30588
 0.23834,0.0834904,0.0187112,0.00,0.0182598,0.00,0.0037095,0.0006383,0.0015930,0.0087183,0.0022624,0.0005764,0.0009104,0.0057694,0.30861,0.30862
 0.13678,0.0949606,0.0306510,0.0162221,0.00,0.00,0.0037264,0.0006392,0.0016777,0.0087805,0.0012814,0.0001957,0.0007159,0.0028974,0.35087,0.35089
 0.0252176,0.0680306,0.0724847,0.00,0.00,0.00,0.0079612,0.0012902,0.0027828,0.0198534,0.0483476,0.0075717,0.0233275,0.12077,0.30127,0.30129
 0.0706997,0.0388276,0.18832,0.0158454,0.0164062,0.0316849,0.00,0.00,0.00,0.00,0.00,0.00,0.00,0.00,0.22186,0.41652
 0.0807467,0.0482687,0.17323,0.0113404,0.0159066,0.0315318,0.00,0.00,0.00,0.00,0.00,0.00,0.00,0.00,0.24121,0.39797
 0.0678522,0.0351619,0.22477,0.0160275,0.0149555,0.0367407,0.00,0.00,0.00,0.00,0.00,0.00,0.00,0.00,0.34123,0.26335
 0.0722498,0.0430850,0.20280,0.0157081,0.0167198,0.0327719,0.00,0.00,0.00,0.00,0.00,0.00,0.00,0.00,0.34948,0.26736
 0.0754106,0.0476645,0.0315048,0.0085637,0.0062879,0.18751,0.00,0.00,0.00,0.00,0.00,0.00,0.00,0.00,0.22448,0.41874
 0.0835326,0.0479936,0.0313665,0.0142903,0.0037977,0.17285,0.00,0.00,0.00,0.00,0.00,0.00,0.00,0.00,0.24916,0.39722
 0.0715237,0.0464391,0.0365916,0.0083616,0.0079184,0.22295,0.00,0.00,0.00,0.00,0.00,0.00,0.00,0.00,0.34269,0.26361
 0.0768375,0.0490779,0.0327341,0.0100423,0.0057999,0.20238,0.00,0.00,0.00,0.00,0.00,0.00,0.00,0.00,0.35205,0.27127
 0.11775,0.0990562,0.0453115,0.0458487,0.0568114,0.0449042,0.0085305,0.0015054,0.0044946,0.0318489,0.0086984,0.0015109,0.0044924,0.0320846,0.00,0.49474
 0.11774,0.0990617,0.0453091,0.0458514,0.0568140,0.0449064,0.0156493,0.0026275,0.0049621,0.0231408,0.0156794,0.0026243,0.0050272,0.0234563,0.49474,0.00
 sum over row  1 is :   1.0002382994
 sum over row  2 is :   1.0002596378
 sum over row  3 is :   1.0002117157
 sum over row  4 is :   1.0002090931
 sum over row  5 is :   1.0002880096
 sum over row  6 is :   1.0001972914
 sum over row  7 is :   1.0001637936
 sum over row  8 is :   1.0002042055
 sum over row  9 is :   1.0000877380
 sum over row 10 is :   1.0001745224
 sum over row 11 is :   1.0001615286
 sum over row 12 is :   1.0002106428
 sum over row 13 is :   1.0000844002
 sum over row 14 is :   1.0001916885
 sum over row 15 is :   0.9975877404
 sum over row 16 is :   0.9975894690
*MRT_SENSOR
# OK, Xorig, Yorig, Zorig,   DX,    DY,    DZ, rotation,  name
   1  9.500  9.750  1.500  0.100  0.100  0.100    0.0  sen_01   # sensor  1
*MRTVIEW
 0.0156100,0.15496,0.16107,0.00,0.00,0.00,0.0241274,0.0032072,0.0063353,0.0629733,0.0046208,0.00,0.0026931,0.0096291,0.28465,0.27023
 0.00,0.00,0.0358717,0.00,0.00,0.0939378,0.0259293,0.0069622,0.0143010,0.0894969,0.0669544,0.0133353,0.0269101,0.20621,0.21873,0.20146
 0.0137203,0.00,0.00,0.0295639,0.11170,0.33149,0.00,0.00,0.00,0.00,0.0146008,0.0034301,0.0188389,0.0394919,0.22315,0.21410
 0.12295,0.0927932,0.0030996,0.0314072,0.0726166,0.0046494,0.00,0.00,0.00,0.00,0.00,0.00,0.00,0.00,0.34456,0.32802
 0.0038745,0.0119442,0.0107819,0.0023152,0.0137582,0.0487421,0.00,0.00,0.0022772,0.0160638,0.00,0.00,0.0018898,0.0324108,0.85603,0.00
 0.0038745,0.0130971,0.0107819,0.0034680,0.0137582,0.0513223,0.0152131,0.0023056,0.0003875,0.0023247,0.0235092,0.0023056,0.0046113,0.0038745,0.00,0.84926
   1 10.000  7.000  1.500  0.100  0.100  0.100    0.0  sen_02   # sensor  2
*MRTVIEW
 0.0015498,0.0955705,0.69631,0.00,0.00,0.00,0.0118305,0.00,0.0041670,0.0270910,0.00,0.00,0.00,0.00,0.0884692,0.0751057
 0.00,0.00,0.21221,0.00,0.00,0.0092416,0.0750538,0.0217564,0.0325662,0.27938,0.0127741,0.0025802,0.0032072,0.0390764,0.16300,0.14924
 0.0368698,0.00,0.00,0.0150204,0.0538201,0.10529,0.0210151,0.0049703,0.0099544,0.0630782,0.0149279,0.0042106,0.0075102,0.0521602,0.30750,0.30377
 0.0955727,0.16728,0.12545,0.0179891,0.0215264,0.0023247,0.00,0.00,0.00,0.00,0.00,0.00,0.00,0.00,0.28795,0.28200
 0.0038745,0.0296385,0.16950,0.0007749,0.0027026,0.0092416,0.00,0.00,0.0119361,0.0539870,0.00,0.00,0.0037796,0.0061611,0.70850,0.00
 0.0038745,0.0296385,0.17326,0.0007749,0.0038554,0.0092416,0.0420736,0.0075592,0.0046113,0.0142594,0.0072380,0.0011528,0.00,0.0015498,0.00,0.70101
