*viewfactors            # zone viewfactors and MRT sensors for corridor_c
*geom  ../zones/corridor_c.geo
   0  14   5            # number of mrt sensors & zone surfaces, zone index
# Zone viewfactors follow:
 0.00,0.3559,0.025865,0.1311,0.1311,0.001362,0.001180,0.001698,0.010536,0.011652,0.1258,0.1513,0.051138,0.001416
 0.057973,0.00,0.058108,0.1256,0.1257,0.076563,0.030174,0.027579,0.1750,0.027594,0.077099,0.030399,0.1751,0.013249
 0.025865,0.3560,0.00,0.1311,0.1311,0.1257,0.1513,0.011052,0.050928,0.003045,0.002053,0.000930,0.009738,0.001166
 0.063711,0.3768,0.064213,0.00,0.1185,0.041791,0.025134,0.024986,0.092619,0.025226,0.041849,0.025197,0.092342,0.007704
 0.063711,0.3768,0.064213,0.1185,0.00,0.047803,0.019121,0.024985,0.092618,0.025226,0.047870,0.019176,0.092340,0.007704
 0.002857,0.6011,0.1609,0.1098,0.1254,0.00,0.00,0.00,0.00,0.00,0.00,0.00,0.00,0.00
 0.001969,0.4353,0.3443,0.1339,0.084539,0.00,0.00,0.00,0.00,0.00,0.00,0.00,0.00,0.00
 0.006706,0.6001,0.036532,0.1784,0.1784,0.00,0.00,0.00,0.00,0.00,0.00,0.00,0.00,0.00
 0.006485,0.7068,0.034191,0.1263,0.1263,0.00,0.00,0.00,0.00,0.00,0.00,0.00,0.00,0.00
 0.036228,0.5998,0.006706,0.1787,0.1787,0.00,0.00,0.00,0.00,0.00,0.00,0.00,0.00,0.00
 0.1609,0.6011,0.002856,0.1098,0.1254,0.00,0.00,0.00,0.00,0.00,0.00,0.00,0.00,0.00
 0.3429,0.4365,0.001969,0.1340,0.084697,0.00,0.00,0.00,0.00,0.00,0.00,0.00,0.00,0.00
 0.034191,0.7068,0.006485,0.1263,0.1263,0.00,0.00,0.00,0.00,0.00,0.00,0.00,0.00,0.00
 0.012117,0.7035,0.012117,0.1361,0.1361,0.00,0.00,0.00,0.00,0.00,0.00,0.00,0.00,0.00
 sum over row   1 is :   1.00004697
 sum over row   2 is :   1.00013804
 sum over row   3 is :   0.99997705
 sum over row   4 is :   1.00007212
 sum over row   5 is :   1.00006688
 sum over row   6 is :   1.00005698
 sum over row   7 is :   1.00000799
 sum over row   8 is :   1.00013793
 sum over row   9 is :   1.00007594
 sum over row  10 is :   1.00013399
 sum over row  11 is :   1.00005603
 sum over row  12 is :   1.00006592
 sum over row  13 is :   1.00007594
 sum over row  14 is :   0.99993402
