*viewfactors            # zone viewfactors and MRT sensors for manager_a
*geom  ../zones/manager_a.geo
   1  20   1            # number of mrt sensors & zone surfaces, zone index
# Zone viewfactors follow:
 0.00,0.003834,0.012595,0.049808,0.1187,0.1187,0.095347,0.050303,0.1941,0.015492,0.006000,0.005145,0.085790,0.00,0.00,0.082287,0.059583,0.021424,0.059583,0.021424
 0.008355,0.00,0.00,0.096903,0.011983,0.011983,0.032450,0.008150,0.071132,0.00,0.00,0.009231,0.036970,0.023829,0.2872,0.010429,0.033377,0.1623,0.033377,0.1623
 0.016683,0.00,0.00,0.2436,0.012997,0.011982,0.033831,0.010682,0.069858,0.00,0.00,0.005548,0.032210,0.041869,0.079571,0.009518,0.036286,0.1873,0.036207,0.1719
 0.024993,0.016087,0.093391,0.00,0.009291,0.009291,0.014977,0.004308,0.033052,0.061153,0.084322,0.00,0.00,0.061739,0.1605,0.00,0.035155,0.1783,0.035155,0.1783
 0.1182,0.002547,0.010222,0.017773,0.00,0.082598,0.018703,0.060807,0.2605,0.020498,0.004910,0.002878,0.059032,0.060392,0.020885,0.1193,0.084088,0.056759,0.00,0.00
 0.1182,0.002547,0.010132,0.017773,0.082598,0.00,0.2468,0.018158,0.075059,0.020498,0.005000,0.002878,0.059032,0.060392,0.020885,0.1193,0.00,0.00,0.084088,0.056759
 0.1054,0.011590,0.028329,0.032244,0.018943,0.2724,0.00,0.00,0.00,0.055762,0.014324,0.004701,0.064751,0.064350,0.036520,0.1047,0.068324,0.020416,0.049551,0.047743
 0.1024,0.011520,0.028782,0.032146,0.2336,0.063722,0.00,0.00,0.00,0.057512,0.014355,0.004996,0.065126,0.064773,0.037457,0.1016,0.066808,0.044851,0.043106,0.027283
 0.1086,0.012486,0.028471,0.035632,0.1472,0.043841,0.00,0.00,0.00,0.058525,0.017323,0.005719,0.075867,0.075702,0.042054,0.1088,0.070829,0.048293,0.082830,0.037949
 0.010881,0.00,0.00,0.085734,0.011436,0.011436,0.033346,0.013430,0.070135,0.00,0.00,0.005879,0.041314,0.031240,0.2457,0.016413,0.037069,0.1745,0.037069,0.1745
 0.010535,0.00,0.00,0.4065,0.011557,0.011557,0.031212,0.011972,0.065615,0.00,0.00,0.004257,0.009909,0.037750,0.049257,0.001231,0.030053,0.1443,0.030053,0.1443
 0.040510,0.012111,0.031396,0.00,0.019696,0.019696,0.027308,0.009481,0.058520,0.065757,0.006032,0.00,0.00,0.1012,0.1403,0.00,0.094539,0.1395,0.094540,0.1395
 0.062415,0.008452,0.017485,0.00,0.043868,0.043868,0.043300,0.010981,0.1006,0.045484,0.004073,0.00,0.00,0.1084,0.1030,0.00,0.1409,0.063164,0.1409,0.063164
 0.00,0.004279,0.022419,0.093516,0.044336,0.044336,0.042553,0.012085,0.1001,0.036332,0.012703,0.010848,0.1084,0.00,0.00,0.061456,0.1409,0.062487,0.1409,0.062487
 0.00,0.032271,0.026993,0.1486,0.009855,0.009855,0.015608,0.004018,0.035059,0.1751,0.010584,0.009829,0.064026,0.00,0.00,0.026991,0.039653,0.1760,0.039653,0.1760
 0.082287,0.001710,0.007627,0.00,0.1187,0.1187,0.095952,0.049393,0.1953,0.025594,0.002963,0.00,0.00,0.082713,0.055779,0.00,0.060419,0.021275,0.060418,0.021275
 0.044505,0.006664,0.020025,0.051154,0.063018,0.00,0.044706,0.015528,0.093545,0.039784,0.009875,0.010356,0.1410,0.1405,0.062715,0.043677,0.00,0.00,0.1087,0.1044
 0.009622,0.026089,0.067562,0.1655,0.027266,0.00,0.008939,0.005336,0.040775,0.1241,0.027484,0.009715,0.038912,0.039682,0.1754,0.009439,0.00,0.00,0.065234,0.1591
 0.044505,0.006664,0.020969,0.051154,0.00,0.063018,0.031100,0.010872,0.1118,0.039784,0.008931,0.010356,0.1410,0.1405,0.062715,0.043677,0.1087,0.1044,0.00,0.00
 0.009622,0.026089,0.062925,0.1655,0.00,0.027266,0.019379,0.004053,0.031617,0.1241,0.032121,0.009715,0.038912,0.039682,0.1754,0.009439,0.065234,0.1591,0.00,0.00
 sum over row   1 is :   1.00011504
 sum over row   2 is :   0.99996901
 sum over row   3 is :   1.00004196
 sum over row   4 is :   1.00001395
 sum over row   5 is :   1.00009203
 sum over row   6 is :   1.00009906
 sum over row   7 is :   1.00004792
 sum over row   8 is :   1.00003695
 sum over row   9 is :   1.00012100
 sum over row  10 is :   1.00008202
 sum over row  11 is :   1.00005805
 sum over row  12 is :   1.00008595
 sum over row  13 is :   1.00005400
 sum over row  14 is :   1.00013709
 sum over row  15 is :   1.00009501
 sum over row  16 is :   1.00010502
 sum over row  17 is :   1.00015199
 sum over row  18 is :   1.00015497
 sum over row  19 is :   1.00014496
 sum over row  20 is :   1.00015402
# 
*mrt_sensor  # OK, Xorig,  Yorig,  Zorig,   DX,    DY,    DZ, rotation,  name
               1   1.500   1.500   1.000   0.300   0.300   0.500    0.0  sen_1    # sensor  1
*mrt_viewfactors
 0.10614,0.00,0.00,0.00,0.0699003,0.11410,0.16226,0.0292398,0.34598,0.00,0.00,0.00,0.0204133,0.0249349,0.00,0.0756458,0.0331863,0.00,0.0182990,0.00
 0.13015,0.0070159,0.00,0.00,0.0160975,0.0254246,0.0215860,0.0075604,0.0424911,0.0136711,0.00,0.00,0.00,0.41416,0.15812,0.00,0.0747445,0.0284686,0.0393288,0.0212803
 0.00,0.0335274,0.0723091,0.13036,0.00,0.00,0.00,0.00,0.00,0.14756,0.0250357,0.0062458,0.0218543,0.0302358,0.16786,0.00,0.0369659,0.17661,0.0211811,0.13035
 0.00,0.0037777,0.0109518,0.12672,0.0230206,0.0313824,0.0281752,0.0102770,0.0576070,0.00,0.0172964,0.0280613,0.33017,0.00,0.00,0.11913,0.0941154,0.0384239,0.0497679,0.0312107
 0.0310343,0.0027639,0.0086720,0.0269565,0.12101,0.00,0.00,0.0134060,0.0837708,0.0173440,0.0037183,0.0047402,0.0561645,0.0774390,0.0387308,0.0237948,0.00,0.00,0.33237,0.15818
 0.0175243,0.0013465,0.0039475,0.0157519,0.00,0.13161,0.0553385,0.00,0.00,0.0078951,0.0018285,0.0020032,0.0310797,0.0512338,0.0213959,0.0131604,0.50063,0.14535,0.00,0.00
